2 5 308 3					
Femsatl-4-Bea-F					
Femsatl-8-Bea-F					
Femsatl-16-Bea-F					
FR639485-F 					
FR646655-F					
1 	 118130	      0	 178180	 298298	      0
1 	 114118	 150154	 178180	 292292	 196218
1 	 118118	 154154	 178180	 302302	 190208
1 	 118120	 160168	 178180	 298298	 208212
1 	 114118	 154160	 180180	 302308	 208218
1 	 118120	 160168	 178180	 298298	 208212
1 	 118118	 158164	 180180	 298298	 208218
1 	 118150	 166166	      0	      0	 196202
1 	 118130	      0	 178180	 298302	      0
1 	 118118	 162168	 178180	 298302	 190208
1 	 118118	 154162	 180180	 298302	 196208
1 	 118126	 162170	 180180	 298298	 190208
1 	 122128	 158160	 180180	 302306	 212218
1 	 118118	 152162	 180180	 298302	 196212
1 	 116118	 154154	 178180	 298302	 208208
1 	 118124	      0	      0	      0	      0
1 	 118144	 154158	 180182	 296302	 208214
1 	 116118	 160162	 180182	 298302	 208218
1 	 118132	 158170	 180184	 302302	 196208
1 	 118118	 152162	 180180	 300302	 208208
1 	 116136	 160162	 180184	 298298	 208212
1 	 114118	 154160	 178180	 298302	 208218
1 	 114114	 162170	 178178	 298302	 196208
1 	 118124	 154166	      0	      0	 188190
1 	 118118	      0	 180180	 298298	      0
1 	 114118	 154154	 180180	 298302	 188218
1 	 118118	 144154	 178180	 302308	 208208
1 	 114124	 160162	 180180	 298302	 218218
1 	 118118	 158160	 178180	 298302	 208212
1 	 116118	 162166	 180180	 302302	 190208
1 	 114114	 156160	 178180	 298298	 208214
1 	 118122	      0	 180180	 298302	      0
1 	 118122	      0	 180180	 298302	      0
1 	 118124	 154162	 178180	 298298	 190218
1 	 118124	 154162	 178180	 298298	 190218
1 	 114122	 160164	 180180	 296302	 196218
2 	 114118	      0	 180196	 298302	      0
2 	 118118	 150154	 178180	 302302	 208214
2 	 116118	 158160	 180180	 296298	 196208
2 	 114140	 154164	 180180	 296302	 190196
2 	 118122	 154162	 180180	 298302	 208212
2 	 118122	 160160	 180180	 302302	 196218
2 	 114118	 144162	 180184	 298308	 188190
2 	 118132	      0	 180180	 298302	      0
2 	 118118	      0	 180180	 296298	      0
2 	 118118	 154158	 180180	 298302	 190218
2 	 116164	 154154	 180180	 298306	 196208
2 	 114118	 154154	 180180	 298298	 188190
2 	 118118	 154158	 180180	 302306	 208218
2 	 118126	 160168	 180184	 302302	 190190
2 	 118118	 160160	 180180	 302306	 190218
2 	 118122	      0	 180180	 302308	      0
2 	 118122	      0	 180180	 298302	      0
2 	 118146	 154168	 180180	 302302	 214218
2 	 118118	 154168	 180180	 302306	 190196
2 	 116118	 160170	 180184	 298298	 218218
2 	 126142	 162168	 178180	 302302	 196208
2 	 118118	 154162	 180180	 298298	 208212
2 	 118154	 154162	 178180	 298302	 190208
2 	 116130	      0	 180180	 302302	      0
2 	 118122	      0	 178180	 302302	      0
2 	 116118	 154170	 180184	 298298	 208212
2 	 118134	 158162	 178180	 296302	 200218
2 	 118122	 158164	 178180	 296306	 208208
2 	 114118	 160170	 180184	 298302	 188208
2 	 118124	 154160	 178180	 302302	 190208
2 	 118122	 154166	 180180	 298300	 190208
2 	 118130	      0	 178178	 306306	      0
2 	 118146	      0	 180180	 306306	      0
2 	 120124	 154160	 180182	 298302	 186194
2 	 114122	 154154	 178180	 296306	 190218
2 	 118124	 154160	 180180	 306306	 188190
2 	 114118	 162162	 180180	 296302	 190190
2 	 118118	 154170	 180180	 296302	 196218
2 	 118118	 154164	 180180	 298302	 190214
2 	 124128	      0	      0	      0	      0
2 	 114118	 170174	 178180	 298306	 208218
2 	 118126	 158192	 180180	 296298	 196218
2 	 118120	 154154	 180184	 308308	 208208
2 	 118128	 158158	 178178	 302302	 208208
2 	 118122	 152160	 180180	 298302	 190208
2 	 116118	 158162	 180180	 296302	 208218
2 	 114118	 172174	 180180	 298306	 212218
2 	 116118	      0	 180180	 300306	      0
2 	 116132	 154166	      0	      0	 208218
2 	 118118	 154154	 180180	 302308	 208208
2 	 116118	 158160	 180184	 300302	 208208
2 	 118118	 154174	 180194	 298302	 208218
2 	 118118	 162162	 180180	 302302	 196208
2 	 118124	 160170	 180180	 298302	 190208
2 	 114116	      0	 180200	 302302	 196218
2 	 118132	      0	      0	      0	      0
