	Femsatl-4-Bea-F	Femsatl-8-Bea-F	Femsatl06-Bea-F	FR639485-F 	FR646655-F	Femsatl01-Bea-F	Femsatl00-Ori-F	M2-30-Bea
CA01	118	-1	178	298	-1	184	258	228
CA01	130	-1	180	298	-1	210	328	234
CA02	114	150	178	292	196	174	280	194
CA02	118	154	180	292	218	214	286	236
CA03	118	154	178	302	190	182	246	218
CA03	118	154	180	302	208	196	246	218
CA04	118	160	178	298	208	180	210	210
CA04	120	168	180	298	212	196	228	226
CA05	114	154	180	302	208	184	234	220
CA05	118	160	180	308	218	192	300	224
CA06	118	160	178	298	208	180	210	210
CA06	120	168	180	298	212	196	328	226
CA07	118	158	180	298	208	184	328	214
CA07	118	164	180	298	218	198	410	218
CA09	118	166	-1	-1	196	198	296	-1
CA09	150	166	-1	-1	202	206	342	-1
CA10	118	-1	178	298	-1	180	-1	218
CA10	130	-1	180	302	-1	218	-1	218
CA11	118	162	178	298	190	184	280	194
CA11	118	168	180	302	208	198	328	194
CA12	118	154	180	298	196	184	228	218
CA12	118	162	180	302	208	196	328	228
CA13	118	162	180	298	190	182	280	230
CA13	120	170	180	298	208	216	296	240
CA14	122	158	180	302	212	184	268	232
CA14	128	160	180	306	218	194	332	238
CA15	118	152	180	298	196	180	234	216
CA15	118	162	180	302	212	184	328	228
CA16	116	154	178	298	208	212	244	214
CA16	118	154	180	302	208	214	328	238
CA17	118	-1	-1	-1	-1	-1	184	-1
CA17	124	-1	-1	-1	-1	-1	330	-1
CA19	118	154	180	296	208	182	276	238
CA19	144	158	182	302	214	186	278	260
CA20	116	160	180	298	208	178	184	218
CA20	118	162	182	302	218	180	184	238
CA21	118	158	180	302	196	184	184	218
CA21	132	170	184	302	208	228	184	224
CA22	118	152	180	300	208	184	328	214
CA22	118	162	180	302	208	202	328	228
CA23	116	160	180	298	208	218	374	220
CA23	136	162	184	298	212	218	374	222
CA24	114	154	178	298	208	208	268	194
CA24	118	160	180	302	218	218	268	254
CA25	114	162	178	298	196	188	240	218
CA25	114	170	178	302	208	200	240	238
CA26	118	154	-1	-1	188	174	266	200
CA26	124	166	-1	-1	190	184	266	200
CA28	118	-1	180	298	-1	176	246	194
CA28	118	-1	180	298	-1	180	246	212
CA30	114	154	180	298	188	180	248	194
CA30	118	154	180	302	218	184	248	224
CA31	118	144	178	302	208	184	328	194
CA31	118	154	180	308	208	200	328	210
CA32	114	160	180	298	218	194	284	218
CA32	124	162	180	302	218	194	284	230
CA34	118	158	178	298	208	184	236	226
CA34	118	160	180	302	212	210	328	260
CA35	116	162	180	302	190	184	328	194
CA35	118	166	180	302	208	212	328	218
CA36	114	156	178	298	208	200	256	218
CA36	114	160	180	298	214	202	288	238
CA38	118	-1	180	298	-1	204	254	162
CA38	122	-1	180	302	-1	212	254	162
CA39	118	-1	180	298	-1	212	164	210
CA39	122	-1	180	302	-1	218	164	232
CA41	118	154	178	298	190	210	234	216
CA41	124	162	180	298	218	222	234	218
CA42	118	154	178	298	190	210	234	216
CA42	124	162	180	298	218	222	234	218
CA43	114	160	180	296	196	180	184	216
CA43	122	164	180	302	218	196	230	232
NG01	114	-1	180	298	-1	192	276	220
NG01	118	-1	196	302	-1	210	296	226
NG02	118	150	178	302	208	184	274	218
NG02	118	154	180	302	214	186	418	236
NG03	116	158	180	296	196	196	164	238
NG03	118	160	180	298	208	214	248	276
NG04	114	154	180	296	190	184	164	220
NG04	140	164	180	302	196	202	184	220
NG05	118	154	180	298	208	184	184	194
NG05	122	162	180	302	212	186	274	226
NG06	118	160	180	302	196	198	164	236
NG06	122	160	180	302	218	210	164	254
NG07	114	144	180	298	188	186	316	214
NG07	118	162	184	308	190	210	328	224
NG08	118	-1	180	298	-1	178	234	216
NG08	132	-1	180	302	-1	216	234	220
NG09	118	-1	180	296	-1	184	248	218
NG09	118	-1	180	298	-1	216	328	218
NG10	118	154	180	298	190	196	234	216
NG10	118	158	180	302	218	200	408	238
NG11	116	154	180	298	196	180	238	232
NG11	164	154	180	306	208	220	238	232
NG12	114	154	180	298	188	200	208	192
NG12	118	154	180	298	190	208	208	192
NG13	118	154	180	302	208	178	184	232
NG13	118	158	180	306	218	188	252	238
NG14	118	160	180	302	190	196	184	218
NG14	126	168	184	302	190	210	258	236
NG15	118	160	180	302	190	180	328	220
NG15	118	160	180	306	218	184	328	226
NG16	118	-1	180	302	-1	180	-1	-1
NG16	122	-1	180	308	-1	200	-1	-1
NG17	118	-1	180	298	-1	194	328	192
NG17	122	-1	180	302	-1	220	418	218
NG18	118	154	180	302	214	180	284	226
NG18	146	168	180	302	218	184	418	226
NG19	118	154	180	302	190	174	248	226
NG19	118	168	180	306	196	196	268	252
NG20	116	160	180	298	218	174	284	214
NG20	118	170	184	298	218	180	284	226
NG21	126	162	178	302	196	184	234	218
NG21	142	168	180	302	208	210	234	248
NG22	118	154	180	298	208	174	252	216
NG22	118	162	180	298	212	186	252	242
NG23	118	154	178	298	190	180	164	192
NG23	154	162	180	302	208	184	164	236
NG24	116	-1	180	302	-1	172	184	-1
NG24	130	-1	180	302	-1	192	328	-1
NG25	118	-1	178	302	-1	208	224	218
NG25	122	-1	180	302	-1	216	328	218
NG26	116	154	180	298	208	198	220	228
NG26	118	170	184	298	212	198	220	228
NG27	118	158	178	296	200	188	164	192
NG27	134	162	180	302	218	224	328	214
NG28	118	158	178	296	208	174	260	228
NG28	122	164	180	306	208	210	328	228
NG29	114	160	180	298	188	174	164	192
NG29	118	170	184	302	208	186	298	218
NG30	118	154	178	302	190	184	270	218
NG30	124	160	180	302	208	212	270	218
NG31	118	154	180	298	190	194	276	224
NG31	122	166	180	300	208	210	276	228
NG32	118	-1	178	306	-1	184	274	-1
NG32	130	-1	178	306	-1	192	420	-1
NG33	118	-1	180	306	-1	180	254	226
NG33	146	-1	180	306	-1	212	284	228
NG34	120	154	180	298	186	178	226	192
NG34	124	160	182	302	194	198	252	218
NG35	114	154	178	296	190	180	164	192
NG35	122	154	180	306	218	180	184	214
NG36	118	154	180	306	188	176	344	192
NG36	124	160	180	306	190	198	344	228
NG37	114	162	180	296	190	182	184	194
NG37	118	162	180	302	190	184	270	226
NG38	118	154	180	296	196	174	184	218
NG38	118	170	180	302	218	184	328	228
NG39	118	154	180	298	190	184	294	214
NG39	118	164	180	302	214	184	418	218
NG40	124	-1	-1	-1	-1	186	164	-1
NG40	128	-1	-1	-1	-1	186	320	-1
NG41	114	170	178	298	208	184	226	218
NG41	118	174	180	306	218	200	278	228
NG42	118	158	180	296	196	192	276	214
NG42	126	192	180	298	218	216	328	218
NG43	118	154	180	308	208	210	234	210
NG43	120	154	184	308	208	214	298	238
NG44	118	158	178	302	208	184	248	192
NG44	128	158	178	302	208	214	248	210
NG45	118	152	180	298	190	198	262	214
NG45	122	160	180	302	208	222	262	218
NG46	116	158	180	296	208	184	274	228
NG46	118	162	180	302	218	192	274	232
NG47	114	172	180	298	212	214	278	218
NG47	118	174	180	306	218	218	298	236
NG48	116	-1	180	300	-1	186	184	-1
NG48	118	-1	180	306	-1	186	234	-1
NG49	116	154	-1	-1	208	182	328	218
NG49	132	166	-1	-1	218	200	328	220
NG50	118	154	180	302	208	190	-1	214
NG50	118	154	180	308	208	192	-1	224
NG51	116	158	180	300	208	174	242	214
NG51	118	160	184	302	208	178	294	218
NG52	118	154	180	298	208	184	328	226
NG52	118	174	194	302	218	218	344	232
NG53	118	162	180	302	196	192	184	220
NG53	118	162	180	302	208	198	278	254
NG54	118	160	180	298	190	186	344	214
NG54	124	170	180	302	208	198	344	236
NG55	114	-1	180	302	196	184	164	218
NG55	116	-1	200	302	218	184	290	228
NG56	118	-1	-1	-1	-1	178	234	-1
NG56	132	-1	-1	-1	-1	216	266	-1
